4294967294,201
4294967294,12
4294967294,11
4294967294,68
4294967278,94
4294967278,91
4294967278,85
4294967278,83
4294967278,72
4294967279,72
4294967279,70
4294967279,69
4294967279,61
4294967279,60
4294967279,59
4294967279,349
4294967279,57
4294967279,51
4294967279,50
4294967279,49
4294967279,47
4294967279,42
4294967279,40
4294967279,39
4294967279,38
4294967279,30
4294967279,29
4294967279,26
4294967279,21
4294967279,18
4294967279,17
4294967279,9
4294967279,8
4294967279,7
4294967279,5
4294967278,334
4294967279,398
4294967279,390
4294967279,77
4294967279,76
4294967279,302
4294967279,74
4294967279,71
4294967279,403
732,6
732,5
732,4
732,3
732,2
732,1
4294967279,389
4294967279,48
4294967279,53
730,4
730,3
730,2
730,1
4294967279,37
4294967279,46
4294967279,388
4294967294,1431
4294967279,151
729,6
729,5
729,4
729,3
729,2
729,1
4294967279,27
4294967279,35
4294967279,32
4294967279,142
4294967279,138
4294967279,16
4294967279,25
4294967279,447
4294967279,260
4294967294,120
4294967294,1410
4294967294,1025
4294967294,1034
4294967294,195
4294967278,331
4294967279,274
4294967279,19
727,6
727,5
727,4
727,3
727,2
727,1
4294967279,15
4294967279,6
4294967279,424
4294967278,551
4294967279,11
4294967278,330
4294967279,4
4294967278,362
4294967278,539
725,5
725,4
725,3
725,2
725,1
4294967279,361
4294967278,328
724,5
724,4
724,3
724,2
724,1
4294967279,387
723,4
723,3
723,2
723,1
4294967279,436
4294967294,409
4294967294,395
4294967294,1409
4294967294,399
4294967294,420
4294967294,178
4294967294,385
4294967294,168
4294967294,398
4294967294,1024
4294967294,414
4294967294,448
4294967294,402
4294967294,411
4294967294,408
4294967294,110
4294967278,327
722,8
722,7
722,6
722,5
722,4
722,3
722,2
722,1
4294967279,379
4294967278,89
4294967278,559
4294967279,359
4294967278,350
4294967278,86
4294967278,525
4294967278,198
4294967278,196
4294967278,192
4294967278,195
4294967278,77
4294967278,76
4294967278,512
4294967279,432
4294967278,74
4294967278,273
4294967278,186
4294967278,185
4294967278,184
4294967278,323
4294967294,1429
4294967278,67
4294967278,545
4294967279,323
4294967279,311
4294967278,177
4294967279,320
4294967278,176
4294967278,175
4294967278,173
4294967278,56
4294967279,165
4294967278,164
4294967279,164
4294967279,163
4294967279,160
4294967279,161
4294967279,332
4294967279,330
717,4
4294967279,150
717,3
717,2
717,1
4294967278,348
4294967279,254
4294967294,436
4294967279,367
4294967279,141
716,5
716,4
716,3
716,2
716,1
4294967278,131
4294967278,531
4294967278,281
4294967278,64
4294967278,62
4294967278,556
4294967278,53
4294967278,51
4294967279,64
4294967279,62
4294967279,54
4294967279,52
4294967279,45
4294967279,44
4294967279,43
4294967279,41
4294967279,36
4294967279,34
4294967279,33
4294967279,31
4294967279,28
4294967279,13
4294967279,23
4294967279,273
4294967279,272
4294967278,555
4294967279,264
4294967279,263
4294967279,277
714,5
714,4
714,3
714,2
714,1
4294967278,132
4294967279,369
4294967278,244
4294967278,537
713,5
713,4
713,3
713,2
713,1
4294967279,253
4294967278,253
4294967278,241
4294967294,388
711,5
711,4
711,3
711,2
711,1
4294967294,1424
4294967278,214
4294967279,251
4294967278,201
709,5
709,4
709,3
709,2
709,1
4294967294,1
4294967278,183
707,6
707,5
707,4
707,3
707,2
707,1
4294967278,549
4294967294,1414
4294967294,392
4294967294,389
4294967294,114
4294967294,182
4294967294,1029
4294967279,309
4294967278,250
4294967279,153
705,5
705,4
705,3
705,2
705,1
4294967279,149
4294967279,148
4294967279,147
4294967279,143
704,4
4294967279,144
704,3
704,2
704,1
4294967279,22
4294967279,275
4294967279,24
703,4
703,3
703,2
703,1
4294967279,12
4294967279,20
4294967279,270
4294967279,283
4294967279,250
4294967279,287
4294967279,14
4294967279,315
702,4
702,3
702,2
702,1
4294967279,305
4294967278,130
4294967279,10
4294967279,423
4294967279,261
4294967279,259
4294967279,248
4294967279,258
4294967279,256
4294967278,563
701,5
701,4
701,3
701,2
701,1
4294967278,554
4294967278,129
4294967279,217
4294967278,127
4294967278,322
4294967278,536
4294967278,535
4294967278,242
4294967278,119
4294967278,523
4294967278,118
4294967279,348
4294967278,239
4294967278,240
4294967294,473
4294967278,238
4294967278,235
4294967278,234
699,6
699,5
4294967278,232
699,4
699,3
699,2
699,1
4294967279,355
4294967278,218
4294967278,553
4294967278,207
4294967278,205
4294967278,203
697,4
697,3
697,2
697,1
4294967278,202
4294967294,1423
4294967294,1416
4294967278,197
4294967294,393
4294967294,390
4294967294,206
696,6
696,5
696,4
696,3
696,2
696,1
4294967278,187
4294967279,185
4294967279,184
4294967279,181
4294967279,183
4294967278,182
4294967279,356
4294967278,298
4294967279,298
4294967279,319
694,5
694,4
694,3
694,2
694,1
4294967279,364
4294967279,334
4294967279,354
4294967279,353
4294967294,186
4294967294,44
4294967294,40
4294967294,37
4294967279,370
4294967294,39
4294967294,36
4294967278,342
4294967279,331
4294967279,362
4294967279,244
692,5
4294967278,150
692,4
692,3
692,2
692,1
4294967294,42
4294967294,76
4294967279,239
4294967294,469
4294967294,45
4294967294,437
4294967294,52
4294967294,51
4294967294,82
4294967279,221
690,5
690,4
690,3
690,2
690,1
4294967294,1028
4294967279,363
4294967294,92
4294967294,91
4294967294,89
4294967294,88
4294967294,87
4294967294,85
4294967294,83
4294967294,1411
4294967294,194
4294967294,1035
4294967294,1031
4294967294,46
4294967294,1027
4294967294,1072
4294967294,464
4294967294,109
4294967294,1074
4294967294,471
4294967294,5
4294967278,174
4294967278,227
4294967278,107
4294967278,105
4294967278,225
4294967278,98
4294967278,552
4294967278,97
4294967278,96
4294967278,92
4294967278,80
4294967278,78
4294967278,75
4294967278,73
4294967278,65
4294967278,55
4294967278,54
4294967278,541
4294967278,260
4294967279,346
4294967279,68
4294967279,67
4294967279,66
4294967279,65
4294967279,63
4294967279,58
4294967279,56
4294967279,55
4294967279,0
4294967294,81
4294967294,50
4294967278,237
4294967294,38
688,5
688,4
688,3
688,2
688,1
4294967294,29
4294967294,27
687,4
687,3
687,2
687,1
4294967278,233
4294967278,224
685,4
685,3
685,2
685,1
682,4
682,3
682,2
682,1
4294967278,231
4294967294,7
4294967294,8
680,4
680,3
680,2
680,1
4294967278,548
4294967294,1418
678,4
678,3
678,2
678,1
4294967278,547
676,4
676,3
676,2
676,1
675,4
675,3
675,2
675,1
4294967279,182
4294967278,181
674,4
674,3
674,2
674,1
4294967278,346
4294967294,401
4294967278,63
4294967279,177
